industry_name,total,dem,repub,year
Agribusiness,16119898,4987207,11132691,2000
Crop Production & Basic Processing,3260590,1558472,1702118,2000
Tobacco,2380789,628638,1752151,2000
Dairy,1335185,544915,790270,2000
Poultry & Eggs,460036,168335,291701,2000
Livestock,765923,189728,576195,2000
Agricultural Services/Products,3060900,1099991,1960909,2000
Food Processing & Sales,2714267,434278,2279989,2000
Forestry & Forest Products,2131545,356408,1775137,2000
Sugar cane & sugar beets,1591286,873458,717828,2000
"Vegetables, fruits and tree nut",634127,264966,369161,2000
Farm bureaus,334022,81235,252787,2000
Communications/Electronics,14637440,5593569,9043871,2000
Printing & Publishing,647481,98250,549231,2000
TV/Movies/Music,2774069,1173550,1600519,2000
Telephone Utilities,5887590,2230418,3657172,2000
Telecom Services,2561997,1045717,1516280,2000
Electronics Mfg & Equip,2541041,949164,1591877,2000
Internet,225262,96470,128792,2000
Architectural services,136675,69890,66785,2000
Construction,8949789,2058386,6891403,2000
General Contractors,2703199,298718,2404481,2000
Home Builders,2334949,835900,1499049,2000
Special Trade Contractors,768601,125243,643358,2000
Construction Services,1168642,393105,775537,2000
Building Materials & Equipment,1974398,405420,1568978,2000
"Book, newspaper & periodical publishing",240250,49750,190500,2000
Commercial TV & radio stations,592174,165316,426858,2000
Cable & satellite TV production,766618,261145,505473,2000
Motion Picture production & distribution,334507,161668,172839,2000
Recorded Music & music production,241488,147037,94451,2000
Computer software,904499,374750,529749,2000
Defense,6376488,2150848,4225640,2000
Defense Aerospace,3165019,1154972,2010047,2000
Defense Electronics,1706541,541402,1165139,2000
Misc Defense,1504928,454474,1050454,2000
Energy & Natural Resources,17299623,5118213,12181410,2000
Oil & Gas,6571853,1434913,5136940,2000
Mining,1563680,292315,1271365,2000
Electric Utilities,7838684,2930570,4908114,2000
Waste Management,286000,94050,191950,2000
Natural Gas transmission & distribution,1711384,515055,1196329,2000
Coal mining,526700,85600,441100,2000
Alternate energy production & services,41315,25315,16000,2000
"Finance, Insurance & Real Estate",41728753,15338765,26389988,2000
Commercial Banks,8119434,3158928,4960506,2000
Savings & Loans,885165,368666,516499,2000
Credit Unions,1765380,880039,885341,2000
Finance/Credit Companies,2285398,702078,1583320,2000
Securities & Investment,6048545,2506321,3542224,2000
Insurance,11078052,3621951,7456101,2000
Real Estate,5920264,2183954,3736310,2000
Accountants,5119677,1742606,3377071,2000
Misc Finance,506838,174222,332616,2000
Student loan companies,386693,143600,243093,2000
Payday lenders,88428,27250,61178,2000
Venture capital,672350,208100,464250,2000
Hedge Funds,14000,7000,7000,2000
Mortgage bankers and brokers,816820,266900,549920,2000
Food and kindred products manufacturing,1319539,237000,1082539,2000
Meat processing & products,268799,52000,216799,2000
Food stores,868524,116278,752246,2000
Restaurants & drinking establishments,2557628,337297,2220331,2000
Advertising & public relations services,200556,65671,134885,2000
Funeral services,205550,91600,113950,2000
"Professional sports, arenas & related equip & svcs",500,0,500,2000
Indian Gaming,58565,35565,23000,2000
Correctional facilities constr & mgmt/for-profit,52350,18700,33650,2000
Health,22206599,9399079,12807520,2000
Health Professionals,12277406,6179060,6098346,2000
Hospitals/Nursing Homes,3087777,1315231,1772546,2000
Health Services/HMOs,1415438,469756,945682,2000
Pharmaceuticals/Health Products,5425978,1435032,3990946,2000
Dentists,1683999,702918,981081,2000
Chiropractors,330643,152164,178479,2000
Nurses,1203149,862367,340782,2000
Medical Devices & Supplies,560058,207685,352373,2000
Pharmaceutical manufacturing,4339170,1024847,3314323,2000
Nutritional & dietary supplements,1000,0,1000,2000
For-profit Education,154368,67325,87043,2000
Democratic leadership PAC,5830850,5804850,26000,2000
Republican leadership PAC,10563300,8000,10555300,2000
LGBTQIA Rights & Issues,1038472,882886,155586,2000
Lawyers & Lobbyists,8997083,5324768,3672315,2000
Lawyers/Law Firms,8253923,5007204,3246719,2000
Lobbyists,743160,317564,425596,2000
Teachers unions,3312180,3201530,110650,2000
US Postal Service unions & associations,3485008,2873988,611020,2000
Air transport unions,2277450,2006600,270850,2000
Transportation,15895990,4762937,11133053,2000
Air Transport,6133026,2208447,3924579,2000
Automotive,5092197,1375200,3716997,2000
Trucking,1303499,279524,1023975,2000
Railroads,2213211,496090,1717121,2000
Sea Transport,846262,322676,523586,2000
Clothing & accessories,65226,9500,55726,2000
Misc Business,21756505,5399240,16357265,2000
Business Associations,1831287,203038,1628249,2000
Food & Beverage,3355499,603263,2752236,2000
"Beer, Wine & Liquor",3430207,1005578,2424629,2000
Retail Sales,3246710,775400,2471310,2000
Misc Services,619501,236825,382676,2000
Business Services,1113787,309616,804171,2000
Recreation/Live Entertainment,66000,4000,62000,2000
Casinos/Gambling,888983,403942,485041,2000
Lodging/Tourism,866000,193260,672740,2000
Chemical & Related Manufacturing,2113243,482097,1631146,2000
Steel Production,365222,147239,217983,2000
Misc Manufacturing & Distributing,3303272,856321,2446951,2000
Textiles,236550,89175,147375,2000
Labor,52675013,48239286,4435727,2000
Building Trade Unions,10793889,9809349,984540,2000
Industrial Unions,12046252,11851472,194780,2000
Transportation Unions,12033291,10394873,1638418,2000
Public Sector Unions,12154994,10908627,1246367,2000
Misc Unions,5646587,5274965,371622,2000
Ideological/Single-Issue,33228516,15132232,18096284,2000
Republican/Conservative,2255101,12000,2243101,2000
Democratic/Liberal,2396783,2388860,7923,2000
Leadership PACs,17324004,5926729,11397275,2000
Foreign & Defense Policy,484044,347905,136139,2000
Pro-Israel,1927454,1138365,789089,2000
Women's Issues,814511,610233,204278,2000
Human Rights,2062385,1751099,311286,2000
Environment,548371,510073,38298,2000
Gun Control,376314,364314,12000,2000
Gun Rights,1957726,282100,1675626,2000
Abortion Policy/Anti-Abortion,473947,30982,442965,2000
Abortion Policy/Pro-Abortion Rights,1063400,871820,191580,2000
Airlines,1349994,575859,774135,2000
Auto manufacturers,1222300,358650,863650,2000
"Auto dealers, new & used",2610550,840000,1770550,2000
"Auto dealers, foreign imports",882000,117000,765000,2000
Cruise ships & lines,219050,102300,116750,2000
Other,741444,434901,306543,2000
Non-Profit Institutions,39770,17770,22000,2000
Education,166358,72065,94293,2000
Unknown,58763,15000,43763,2000
Agribusiness,16074701,5092508,10982193,2002
Crop Production & Basic Processing,3713587,1774500,1939087,2002
Tobacco,2410154,558310,1851844,2002
Dairy,1545271,599897,945374,2002
Poultry & Eggs,633043,206127,426916,2002
Livestock,720471,159593,560878,2002
Agricultural Services/Products,2980341,1054421,1925920,2002
Food Processing & Sales,2269525,380719,1888806,2002
Forestry & Forest Products,1796909,357041,1439868,2002
Sugar cane & sugar beets,2022809,1127803,895006,2002
"Vegetables, fruits and tree nut",527428,219649,307779,2002
Farm bureaus,333866,78067,255799,2002
Communications/Electronics,15842736,6449278,9393458,2002
Printing & Publishing,667984,131050,536934,2002
TV/Movies/Music,2448064,1147813,1300251,2002
Telephone Utilities,5734751,2338974,3395777,2002
Telecom Services,3500696,1588685,1912011,2002
Electronics Mfg & Equip,3245741,1148256,2097485,2002
Internet,245500,94500,151000,2002
Architectural services,136750,69000,67750,2002
Construction,9214631,2364951,6849680,2002
General Contractors,2671513,320702,2350811,2002
Home Builders,2346050,879700,1466350,2002
Special Trade Contractors,820529,188900,631629,2002
Construction Services,1409477,527161,882316,2002
Building Materials & Equipment,1967062,448488,1518574,2002
"Book, newspaper & periodical publishing",290510,79050,211460,2002
Commercial TV & radio stations,746878,253620,493258,2002
Cable & satellite TV production,9000,4000,5000,2002
Motion Picture production & distribution,367052,200293,166759,2002
Recorded Music & music production,198232,133360,64872,2002
Computer software,1212250,391819,820431,2002
Defense,7514691,2664980,4849711,2002
Defense Aerospace,4062987,1484490,2578497,2002
Defense Electronics,2264580,813990,1450590,2002
Misc Defense,1187124,366500,820624,2002
Energy & Natural Resources,19138259,6137199,13001060,2002
Oil & Gas,6245498,1515419,4730079,2002
Mining,1830376,372102,1458274,2002
Electric Utilities,10020319,3787286,6233033,2002
Waste Management,280300,129200,151100,2002
Natural Gas transmission & distribution,1494394,474641,1019753,2002
Coal mining,846644,133600,713044,2002
Alternate energy production & services,31842,21342,10500,2002
"Finance, Insurance & Real Estate",41917235,15793753,26123482,2002
Commercial Banks,7337096,2666633,4670463,2002
Savings & Loans,850887,387504,463383,2002
Credit Unions,2214308,998241,1216067,2002
Finance/Credit Companies,2663244,1104181,1559063,2002
Securities & Investment,5832695,2398574,3434121,2002
Insurance,11240675,3921956,7318719,2002
Real Estate,6120969,2692347,3428622,2002
Accountants,4845684,1338142,3507542,2002
Misc Finance,811677,286175,525502,2002
Student loan companies,539935,238810,301125,2002
Payday lenders,140575,50100,90475,2002
Venture capital,973800,278800,695000,2002
Hedge Funds,6500,2500,4000,2002
Mortgage bankers and brokers,731421,274500,456921,2002
Food and kindred products manufacturing,1054432,186575,867857,2002
Meat processing & products,255486,43750,211736,2002
Food stores,744837,103394,641443,2002
Restaurants & drinking establishments,2829762,343623,2486139,2002
Advertising & public relations services,157049,74550,82499,2002
Funeral services,296272,147872,148400,2002
"Professional sports, arenas & related equip & svcs",126275,73775,52500,2002
Indian Gaming,108400,66750,41650,2002
Correctional facilities constr & mgmt/for-profit,76250,22250,54000,2002
Health,25440086,10572137,14867949,2002
Health Professionals,13067676,6036732,7030944,2002
Hospitals/Nursing Homes,3916996,1783555,2133441,2002
Health Services/HMOs,1669540,666301,1003239,2002
Pharmaceuticals/Health Products,6783974,2085049,4698925,2002
Dentists,1928881,748023,1180858,2002
Chiropractors,293371,148049,145322,2002
Nurses,907493,550898,356595,2002
Medical Devices & Supplies,693904,274168,419736,2002
Pharmaceutical manufacturing,5147660,1448331,3699329,2002
Nutritional & dietary supplements,20367,13000,7367,2002
For-profit Education,194558,88708,105850,2002
Democratic leadership PAC,10272481,10272481,0,2002
Republican leadership PAC,14213993,27500,14186493,2002
LGBTQIA Rights & Issues,1187947,946527,241420,2002
Lawyers & Lobbyists,9861784,6041722,3820062,2002
Lawyers/Law Firms,9117543,5712756,3404787,2002
Lobbyists,744241,328966,415275,2002
Teachers unions,3431565,3251615,179950,2002
US Postal Service unions & associations,3550152,2835852,714300,2002
Air transport unions,3400120,2896800,503320,2002
Transportation,16128698,5181636,10947062,2002
Air Transport,6243771,2276034,3967737,2002
Automotive,5048460,1553440,3495020,2002
Trucking,1156963,193249,963714,2002
Railroads,2310197,602032,1708165,2002
Sea Transport,971163,431122,540041,2002
Clothing & accessories,19750,2000,17750,2002
Misc Business,22851120,6393302,16457818,2002
Business Associations,1423365,166561,1256804,2002
Food & Beverage,3829244,656288,3172956,2002
"Beer, Wine & Liquor",3654739,1060589,2594150,2002
Retail Sales,3850475,1056345,2794130,2002
Misc Services,730385,373353,357032,2002
Business Services,1159011,420413,738598,2002
Recreation/Live Entertainment,176087,80525,95562,2002
Casinos/Gambling,886483,531497,354986,2002
Lodging/Tourism,765590,239597,525993,2002
Chemical & Related Manufacturing,2283135,615522,1667613,2002
Steel Production,346356,141932,204424,2002
Misc Manufacturing & Distributing,3261144,908470,2352674,2002
Textiles,177950,62250,115700,2002
Labor,54851231,49256923,5594308,2002
Building Trade Unions,11927988,10511433,1416555,2002
Industrial Unions,11665718,11446838,218880,2002
Transportation Unions,12999725,10913302,2086423,2002
Public Sector Unions,12328480,10880730,1447750,2002
Misc Unions,5929320,5504620,424700,2002
Ideological/Single-Issue,41407152,20242891,21164261,2002
Republican/Conservative,1919138,7250,1911888,2002
Democratic/Liberal,2497858,2489858,8000,2002
Leadership PACs,25322270,10495154,14827116,2002
Foreign & Defense Policy,525321,397571,127750,2002
Pro-Israel,2916589,1843800,1072789,2002
Women's Issues,753472,503666,249806,2002
Human Rights,2401690,1946222,455468,2002
Environment,786021,672747,113274,2002
Gun Control,122856,128725,-5869,2002
Gun Rights,1584735,169650,1415085,2002
Abortion Policy/Anti-Abortion,458745,1650,457095,2002
Abortion Policy/Pro-Abortion Rights,1093044,889159,203885,2002
Airlines,1376388,632903,743485,2002
Auto manufacturers,1259240,427690,831550,2002
"Auto dealers, new & used",2653250,911250,1742000,2002
"Auto dealers, foreign imports",813000,113000,700000,2002
Cruise ships & lines,149750,70250,79500,2002
Other,854328,480178,374150,2002
Non-Profit Institutions,52225,28425,23800,2002
Education,216708,96208,120500,2002
Unknown,180560,71155,109405,2002
Agribusiness,16954910,5302993,11651917,2004
Crop Production & Basic Processing,4445488,2117766,2327722,2004
Tobacco,2062084,416750,1645334,2004
Dairy,1740690,684832,1055858,2004
Poultry & Eggs,704173,251481,452692,2004
Livestock,667182,136351,530831,2004
Agricultural Services/Products,3226606,939897,2286709,2004
Food Processing & Sales,2438705,413716,2024989,2004
Forestry & Forest Products,1660532,339000,1321532,2004
Sugar cane & sugar beets,2377635,1397004,980631,2004
"Vegetables, fruits and tree nut",617894,191794,426100,2004
Farm bureaus,376583,73997,302586,2004
Communications/Electronics,18095413,6976885,11118528,2004
Printing & Publishing,779799,202291,577508,2004
TV/Movies/Music,2623245,1086810,1536435,2004
Telephone Utilities,5365288,2098907,3266381,2004
Telecom Services,4475894,1783696,2692198,2004
Electronics Mfg & Equip,4494233,1660427,2833806,2004
Internet,356954,144754,212200,2004
Architectural services,126310,49700,76610,2004
Construction,12182921,2998507,9184414,2004
General Contractors,3761416,514064,3247352,2004
Home Builders,2618150,859000,1759150,2004
Special Trade Contractors,1311727,308927,1002800,2004
Construction Services,2160330,793275,1367055,2004
Building Materials & Equipment,2331298,523241,1808057,2004
"Book, newspaper & periodical publishing",494785,152280,342505,2004
Commercial TV & radio stations,931735,326914,604821,2004
Cable & satellite TV production,1000,1000,0,2004
TV production,3000,0,3000,2004
Motion Picture production & distribution,464363,206590,257773,2004
Recorded Music & music production,250673,139061,111612,2004
Computer software,1695770,699200,996570,2004
Defense,8983327,3212727,5770600,2004
Defense Aerospace,4436753,1703691,2733062,2004
Defense Electronics,2348162,822249,1525913,2004
Misc Defense,2198412,686787,1511625,2004
Energy & Natural Resources,19359677,5225616,14134061,2004
Oil & Gas,6711974,1184577,5527397,2004
Mining,1651458,303700,1347758,2004
Electric Utilities,9998417,3393375,6605042,2004
Waste Management,211716,59150,152566,2004
Natural Gas transmission & distribution,1005454,264722,740732,2004
Coal mining,576400,95950,480450,2004
Alternate energy production & services,52100,25100,27000,2004
"Finance, Insurance & Real Estate",49472336,17593702,31878634,2004
Commercial Banks,8939126,2985900,5953226,2004
Savings & Loans,846364,368465,477899,2004
Credit Unions,2485062,1063796,1421266,2004
Finance/Credit Companies,3129450,1130979,1998471,2004
Securities & Investment,7065777,2791822,4273955,2004
Insurance,13805926,4383939,9421987,2004
Real Estate,7441879,3198666,4243213,2004
Accountants,4613848,1282841,3331007,2004
Misc Finance,1144904,387294,757610,2004
Student loan companies,831499,310499,521000,2004
Payday lenders,160253,58254,101999,2004
Venture capital,739250,245250,494000,2004
Hedge Funds,63300,20000,43300,2004
Mortgage bankers and brokers,1558442,672949,885493,2004
Food and kindred products manufacturing,1102477,159057,943420,2004
Meat processing & products,378097,65250,312847,2004
Food stores,764792,150070,614722,2004
Restaurants & drinking establishments,2681186,214002,2467184,2004
Advertising & public relations services,217389,89550,127839,2004
Funeral services,280200,132250,147950,2004
"Professional sports, arenas & related equip & svcs",227788,118288,109500,2004
Indian Gaming,126936,68305,58631,2004
Correctional facilities constr & mgmt/for-profit,187450,30250,157200,2004
Health,31347995,10707440,20640555,2004
Health Professionals,16430653,5747276,10683377,2004
Hospitals/Nursing Homes,4131073,1682454,2448619,2004
Health Services/HMOs,2567245,874127,1693118,2004
Pharmaceuticals/Health Products,8198549,2398008,5800541,2004
Dentists,2468023,940397,1527626,2004
Chiropractors,314211,95073,219138,2004
Nurses,1143703,695356,448347,2004
Medical Devices & Supplies,1253474,376332,877142,2004
Pharmaceutical manufacturing,5389772,1485077,3904695,2004
Nutritional & dietary supplements,78030,30780,47250,2004
For-profit Education,186460,71910,114550,2004
Democratic leadership PAC,8087984,8055984,32000,2004
Republican leadership PAC,21271610,24000,21247610,2004
LGBTQIA Rights & Issues,1180817,1051942,128875,2004
Lawyers & Lobbyists,11330983,6130497,5200486,2004
Lawyers/Law Firms,10324927,5711850,4613077,2004
Lobbyists,1006056,418647,587409,2004
Teachers unions,3393578,3216228,177350,2004
US Postal Service unions & associations,4515942,3499845,1016097,2004
Air transport unions,3629200,2617200,1012000,2004
Transportation,17385587,4984523,12401064,2004
Air Transport,6512040,2030666,4481374,2004
Automotive,5258252,1300440,3957812,2004
Trucking,1111784,202979,908805,2004
Railroads,2803383,712335,2091048,2004
Sea Transport,1218194,588719,629475,2004
Clothing & accessories,24500,1000,23500,2004
Misc Business,25294487,6402637,18891850,2004
Business Associations,1274776,101405,1173371,2004
Food & Beverage,3592907,508232,3084675,2004
"Beer, Wine & Liquor",4714336,1457259,3257077,2004
Retail Sales,4488002,1023040,3464962,2004
Misc Services,569720,224375,345345,2004
Business Services,1345228,377632,967596,2004
Recreation/Live Entertainment,332288,121288,211000,2004
Casinos/Gambling,1354374,633304,721070,2004
Lodging/Tourism,543863,127500,416363,2004
Chemical & Related Manufacturing,2166841,490234,1676607,2004
Steel Production,427175,156498,270677,2004
Misc Manufacturing & Distributing,3979959,1070108,2909851,2004
Textiles,76068,35012,41056,2004
Labor,55055240,47825788,7229452,2004
Building Trade Unions,12046499,10411820,1634679,2004
Industrial Unions,10625803,10368473,257330,2004
Transportation Unions,12069278,9582882,2486396,2004
Public Sector Unions,14567698,12265226,2302472,2004
Misc Unions,5745962,5197387,548575,2004
Ideological/Single-Issue,47862072,18639338,29222734,2004
Republican/Conservative,2285296,5706,2279590,2004
Democratic/Liberal,2490288,2470188,20100,2004
Leadership PACs,30603688,8618013,21985675,2004
Foreign & Defense Policy,716469,322569,393900,2004
Pro-Israel,3349438,2014024,1335414,2004
Women's Issues,646693,442890,203803,2004
Human Rights,2676958,2202393,474565,2004
Environment,693956,565253,128703,2004
Gun Control,96150,95150,1000,2004
Gun Rights,1373902,176146,1197756,2004
Abortion Policy/Anti-Abortion,557386,9735,547651,2004
Abortion Policy/Pro-Abortion Rights,1203903,1029873,174030,2004
Airlines,1092512,390700,701812,2004
Auto manufacturers,1388020,324190,1063830,2004
"Auto dealers, new & used",2488800,680000,1808800,2004
"Auto dealers, foreign imports",838000,121000,717000,2004
Cruise ships & lines,239300,120750,118550,2004
Other,917217,527050,390167,2004
Non-Profit Institutions,39015,13665,25350,2004
Education,248377,88010,160367,2004
Unknown,195280,107210,88070,2004
Agribusiness,19678438,6557712,13120726,2006
Crop Production & Basic Processing,4965501,2378369,2587132,2006
Tobacco,2408244,582500,1825744,2006
Dairy,2319886,784368,1535518,2006
Poultry & Eggs,557332,219899,337433,2006
Livestock,832686,216738,615948,2006
Agricultural Services/Products,3955881,1252647,2703234,2006
Food Processing & Sales,2883365,745060,2138305,2006
Forestry & Forest Products,1726093,370081,1356012,2006
Sugar cane & sugar beets,2550620,1520165,1030455,2006
"Vegetables, fruits and tree nut",714766,246616,468150,2006
Farm bureaus,392116,81000,311116,2006
Communications/Electronics,20928834,7826976,13101858,2006
Printing & Publishing,736140,197635,538505,2006
TV/Movies/Music,3187119,1373855,1813264,2006
Telephone Utilities,5233846,1912473,3321373,2006
Telecom Services,5851518,2371953,3479565,2006
Electronics Mfg & Equip,5415194,1757207,3657987,2006
Internet,505017,213853,291164,2006
Architectural services,119350,71500,47850,2006
Construction,14320616,3681041,10639575,2006
General Contractors,3998144,699740,3298404,2006
Home Builders,3321597,911700,2409897,2006
Special Trade Contractors,1557573,343393,1214180,2006
Construction Services,2889016,1145166,1743850,2006
Building Materials & Equipment,2554286,581042,1973244,2006
"Book, newspaper & periodical publishing",468310,143305,325005,2006
Commercial TV & radio stations,1389019,545833,843186,2006
TV production,2000,2000,0,2006
Motion Picture production & distribution,304644,130084,174560,2006
Recorded Music & music production,497206,237688,259518,2006
Computer software,2050259,603000,1447259,2006
Defense,9890818,3692195,6198623,2006
Defense Aerospace,3974832,1500422,2474410,2006
Defense Electronics,3794324,1426849,2367475,2006
Misc Defense,2121662,764924,1356738,2006
Energy & Natural Resources,22067608,6024112,16043496,2006
Oil & Gas,7446874,1328445,6118429,2006
Mining,1892302,386254,1506048,2006
Electric Utilities,11331450,3827623,7503827,2006
Waste Management,334420,91500,242920,2006
Natural Gas transmission & distribution,1027871,251675,776196,2006
Coal mining,758382,148154,610228,2006
Alternate energy production & services,57550,28500,29050,2006
"Finance, Insurance & Real Estate",58259910,22070318,36189592,2006
Commercial Banks,9782912,3300248,6482664,2006
Savings & Loans,856003,370665,485338,2006
Credit Unions,2944697,1372909,1571788,2006
Finance/Credit Companies,3343281,1337969,2005312,2006
Securities & Investment,8953276,3653969,5299307,2006
Insurance,15831099,5629616,10201483,2006
Real Estate,9343219,4151494,5191725,2006
Accountants,5416466,1625839,3790627,2006
Misc Finance,1788957,627609,1161348,2006
Student loan companies,865000,394000,471000,2006
Payday lenders,239350,82500,156850,2006
Venture capital,819000,269500,549500,2006
Hedge Funds,112600,47100,65500,2006
Mortgage bankers and brokers,2605541,1233022,1372519,2006
Food and kindred products manufacturing,1037469,209583,827886,2006
Meat processing & products,699584,193277,506307,2006
Food stores,1009712,283700,726012,2006
Restaurants & drinking establishments,3337083,407131,2929952,2006
Advertising & public relations services,193456,83984,109472,2006
Funeral services,306700,119450,187250,2006
"Professional sports, arenas & related equip & svcs",186874,98302,88572,2006
Indian Gaming,128654,68236,60418,2006
Correctional facilities constr & mgmt/for-profit,244114,65000,179114,2006
Health,39767519,13588789,26178730,2006
Health Professionals,19163363,6827885,12335478,2006
Hospitals/Nursing Homes,5520637,2165597,3355040,2006
Health Services/HMOs,3541674,1076883,2464791,2006
Pharmaceuticals/Health Products,11475896,3505624,7970272,2006
Dentists,2642922,843699,1799223,2006
Chiropractors,262076,102576,159500,2006
Nurses,1182785,748373,434412,2006
Medical Devices & Supplies,1744148,593024,1151124,2006
Pharmaceutical manufacturing,7259025,2051626,5207399,2006
Nutritional & dietary supplements,156251,73874,82377,2006
For-profit Education,201272,95125,106147,2006
Democratic leadership PAC,12475161,12469661,5500,2006
Republican leadership PAC,29318359,2000,29316359,2006
LGBTQIA Rights & Issues,789381,679018,110363,2006
Lawyers & Lobbyists,14185990,7561116,6624874,2006
Lawyers/Law Firms,12794826,7054101,5740725,2006
Lobbyists,1391164,507015,884149,2006
Teachers unions,3974891,3754648,220243,2006
US Postal Service unions & associations,4973086,4205694,767392,2006
Air transport unions,4270765,3265515,1005250,2006
Transportation,19291644,5721278,13570366,2006
Air Transport,6803795,2250372,4553423,2006
Automotive,5720524,1508870,4211654,2006
Trucking,1317077,256331,1060746,2006
Railroads,3441242,913297,2527945,2006
Sea Transport,1455319,611736,843583,2006
Clothing & accessories,15500,2000,13500,2006
Misc Business,30235122,8548027,21687095,2006
Business Associations,1566095,224099,1341996,2006
Food & Beverage,4422494,731588,3690906,2006
"Beer, Wine & Liquor",5616912,1971305,3645607,2006
Retail Sales,4981943,1431626,3550317,2006
Misc Services,567600,188050,379550,2006
Business Services,1560614,514580,1046034,2006
Recreation/Live Entertainment,292374,105302,187072,2006
Casinos/Gambling,1473242,657076,816166,2006
Lodging/Tourism,493375,124400,368975,2006
Chemical & Related Manufacturing,2595118,556140,2038978,2006
Steel Production,656465,261408,395057,2006
Misc Manufacturing & Distributing,5418991,1646703,3772288,2006
Textiles,69285,15250,54035,2006
Labor,59041869,51479519,7562350,2006
Building Trade Unions,15306478,12814888,2491590,2006
Industrial Unions,10629710,10396860,232850,2006
Transportation Unions,12704948,10339698,2365250,2006
Public Sector Unions,15016064,12868204,2147860,2006
Misc Unions,5384669,5059869,324800,2006
Ideological/Single-Issue,61596328,24036886,37559442,2006
Republican/Conservative,1969735,8116,1961619,2006
Democratic/Liberal,3215222,3198822,16400,2006
Leadership PACs,44535849,13728699,30807150,2006
Foreign & Defense Policy,1188852,660768,528084,2006
Pro-Israel,3002798,1575049,1427749,2006
Women's Issues,694058,614828,79230,2006
Human Rights,2172590,1803178,369412,2006
Environment,504673,430264,74409,2006
Gun Control,48640,44140,4500,2006
Gun Rights,1226996,170138,1056858,2006
Abortion Policy/Anti-Abortion,434908,7500,427408,2006
Abortion Policy/Pro-Abortion Rights,874679,761179,113500,2006
Airlines,1297149,454977,842172,2006
Auto manufacturers,1355570,378670,976900,2006
"Auto dealers, new & used",2941350,881850,2059500,2006
"Auto dealers, foreign imports",747000,74000,673000,2006
Cruise ships & lines,249650,109900,139750,2006
Other,1508992,964230,544762,2006
Non-Profit Institutions,546230,302550,243680,2006
Education,236812,107330,129482,2006
Clergy & Religious Organizations,2000,0,2000,2006
Unknown,204469,84236,120233,2006
Agribusiness,22477790,10217167,12260623,2008
Crop Production & Basic Processing,6016881,3566892,2449989,2008
Tobacco,2021675,683227,1338448,2008
Dairy,2650382,1226886,1423496,2008
Poultry & Eggs,728871,330121,398750,2008
Livestock,788649,318333,470316,2008
Agricultural Services/Products,4694677,2042511,2652166,2008
Food Processing & Sales,3747446,1329788,2417658,2008
Forestry & Forest Products,1804359,699359,1105000,2008
Sugar cane & sugar beets,3221806,2078079,1143727,2008
"Vegetables, fruits and tree nut",689200,347200,342000,2008
Farm bureaus,430825,170855,259970,2008
Communications/Electronics,22830577,12303720,10526857,2008
Printing & Publishing,822435,369660,452775,2008
TV/Movies/Music,3162845,1846407,1316438,2008
Telephone Utilities,5973429,2887479,3085950,2008
Telecom Services,6120744,3461340,2659404,2008
Electronics Mfg & Equip,5762926,3138585,2624341,2008
Internet,988198,600249,387949,2008
Architectural services,136500,89500,47000,2008
Construction,16441456,6504379,9937077,2008
General Contractors,4615987,1396373,3219614,2008
Home Builders,2711946,1265971,1445975,2008
Special Trade Contractors,1711207,553707,1157500,2008
Construction Services,3700625,2024792,1675833,2008
Building Materials & Equipment,3701691,1263536,2438155,2008
"Book, newspaper & periodical publishing",483585,263860,219725,2008
Commercial TV & radio stations,1312049,750249,561800,2008
Cable & satellite TV production,300050,166250,133800,2008
TV production,16550,14550,2000,2008
Motion Picture production & distribution,342928,237638,105290,2008
Recorded Music & music production,466768,270220,196548,2008
Computer software,1723014,986414,736600,2008
Defense,12100192,6404786,5695406,2008
Defense Aerospace,5124794,2606594,2518200,2008
Defense Electronics,4704554,2611357,2093197,2008
Misc Defense,2270844,1186835,1084009,2008
Energy & Natural Resources,26020468,10247895,15772573,2008
Oil & Gas,9162379,2218925,6943454,2008
Mining,2172983,782467,1390516,2008
Electric Utilities,12551679,6087213,6464466,2008
Waste Management,559903,245350,314553,2008
Natural Gas transmission & distribution,1290786,401600,889186,2008
Coal mining,861883,282367,579516,2008
Alternate energy production & services,247863,176534,71329,2008
"Finance, Insurance & Real Estate",63349223,31831592,31517631,2008
Commercial Banks,10015817,4596537,5419280,2008
Savings & Loans,633495,365624,267871,2008
Credit Unions,2931991,1616769,1315222,2008
Finance/Credit Companies,3606115,1933847,1672268,2008
Securities & Investment,9937391,5521869,4415522,2008
Insurance,18454193,9012529,9441664,2008
Real Estate,9812997,5430062,4382935,2008
Accountants,5919272,2438182,3481090,2008
Misc Finance,2037952,916173,1121779,2008
Student loan companies,751750,368500,383250,2008
Payday lenders,752900,477150,275750,2008
Venture capital,898358,480500,417858,2008
Private Equity & Investment Firms,180097,106897,73200,2008
Hedge Funds,162600,86100,76500,2008
Mortgage bankers and brokers,2310378,1198860,1111518,2008
Food and kindred products manufacturing,1549644,484400,1065244,2008
Meat processing & products,724360,285988,438372,2008
Food stores,1257392,484500,772892,2008
Restaurants & drinking establishments,2715773,601958,2113815,2008
Advertising & public relations services,138251,84981,53270,2008
Funeral services,292725,118900,173825,2008
"Professional sports, arenas & related equip & svcs",210587,140000,70587,2008
Indian Gaming,120010,83910,36100,2008
Correctional facilities constr & mgmt/for-profit,247600,95600,152000,2008
Health,49518626,27220508,22298118,2008
Health Professionals,24429457,14056652,10372805,2008
Hospitals/Nursing Homes,6928856,4081306,2847550,2008
Health Services/HMOs,4405146,2334400,2070746,2008
Pharmaceuticals/Health Products,13628910,6665793,6963117,2008
Dentists,3031221,1543384,1487837,2008
Chiropractors,288240,172600,115640,2008
Nurses,1475540,1047940,427600,2008
Medical Devices & Supplies,2160719,1181421,979298,2008
Pharmaceutical manufacturing,8591567,4020617,4570950,2008
Nutritional & dietary supplements,139381,81182,58199,2008
For-profit Education,288279,182279,106000,2008
Democratic leadership PAC,19861554,19806554,55000,2008
Republican leadership PAC,18674975,18616,18656359,2008
LGBTQIA Rights & Issues,1116416,1053484,62932,2008
Lawyers & Lobbyists,16595049,10584642,6010407,2008
Lawyers/Law Firms,15199201,9760462,5438739,2008
Lobbyists,1395848,824180,571668,2008
Teachers unions,4301150,4147550,153600,2008
US Postal Service unions & associations,4936054,4371499,564555,2008
Air transport unions,5361639,4326089,1035550,2008
Transportation,22077694,9888178,12189516,2008
Air Transport,7795541,3611292,4184249,2008
Automotive,5555896,2023226,3532670,2008
Trucking,1414614,543864,870750,2008
Railroads,4780822,2296532,2484290,2008
Sea Transport,1864836,1100520,764316,2008
Clothing & accessories,22135,12835,9300,2008
Misc Business,35811561,16046156,19765405,2008
Business Associations,1581651,360085,1221566,2008
Food & Beverage,3914499,1125663,2788836,2008
"Beer, Wine & Liquor",6369260,3469647,2899613,2008
Retail Sales,5803246,2568786,3234460,2008
Misc Services,752517,370842,381675,2008
Business Services,1792311,917341,874970,2008
Recreation/Live Entertainment,326187,168600,157587,2008
Casinos/Gambling,1462757,935745,527012,2008
Lodging/Tourism,1201480,468680,732800,2008
Chemical & Related Manufacturing,3168529,1333139,1835390,2008
Steel Production,979533,502133,477400,2008
Misc Manufacturing & Distributing,7692920,3589395,4103525,2008
Textiles,144350,40500,103850,2008
Labor,66643242,61155460,5487782,2008
Building Trade Unions,16600782,15138582,1462200,2008
Industrial Unions,12412806,12163056,249750,2008
Transportation Unions,14370944,12511394,1859550,2008
Public Sector Unions,16385759,14686277,1699482,2008
Misc Unions,6872951,6656151,216800,2008
Ideological/Single-Issue,60766471,32234239,28532232,2008
Republican/Conservative,3066582,5650,3060932,2008
Democratic/Liberal,3271975,3266475,5500,2008
Leadership PACs,40682875,20270111,20412764,2008
Foreign & Defense Policy,1476557,941071,535486,2008
Pro-Israel,3380284,1726445,1653839,2008
Women's Issues,763492,691512,71980,2008
Human Rights,2595324,2289760,305564,2008
Environment,823159,720650,102509,2008
Gun Control,33250,31250,2000,2008
Gun Rights,1530712,315188,1215524,2008
Abortion Policy/Anti-Abortion,496880,7157,489723,2008
Abortion Policy/Pro-Abortion Rights,1016900,915113,101787,2008
Airlines,1376171,694295,681876,2008
Auto manufacturers,1319227,674857,644370,2008
"Auto dealers, new & used",2993500,1016500,1977000,2008
"Auto dealers, foreign imports",660169,98669,561500,2008
Cruise ships & lines,333073,237175,95898,2008
Other,1054210,690864,363346,2008
Non-Profit Institutions,461355,324450,136905,2008
Education,342570,206329,136241,2008
Clergy & Religious Organizations,4700,1000,3700,2008
Unknown,173068,97759,75309,2008
Agribusiness,23151839,11420973,11730866,2010
Crop Production & Basic Processing,6530940,4084482,2446458,2010
Tobacco,1659277,467550,1191727,2010
Dairy,2431465,1203650,1227815,2010
Poultry & Eggs,677300,360500,316800,2010
Livestock,812028,319529,492499,2010
Agricultural Services/Products,5167691,2471111,2696580,2010
Food Processing & Sales,4102238,1571601,2530637,2010
Forestry & Forest Products,1718100,901150,816950,2010
Sugar cane & sugar beets,3728958,2540708,1188250,2010
"Vegetables, fruits and tree nut",786528,437149,349379,2010
Farm bureaus,568679,164500,404179,2010
Communications/Electronics,24909623,13478562,11431061,2010
Printing & Publishing,703670,314670,389000,2010
TV/Movies/Music,3034385,1736819,1297566,2010
Telephone Utilities,6201836,3026100,3175736,2010
Telecom Services,7842018,4514318,3327700,2010
Electronics Mfg & Equip,6089300,3303891,2785409,2010
Internet,1038414,582764,455650,2010
Architectural services,123700,81950,41750,2010
Construction,15528120,6309600,9218520,2010
General Contractors,4044837,1175389,2869448,2010
Home Builders,2296796,890196,1406600,2010
Special Trade Contractors,2148900,860100,1288800,2010
Construction Services,3972217,2295172,1677045,2010
Building Materials & Equipment,3065370,1088743,1976627,2010
"Book, newspaper & periodical publishing",449050,270050,179000,2010
Commercial TV & radio stations,1514500,883250,631250,2010
TV production,39300,17500,21800,2010
Motion Picture production & distribution,292728,171728,121000,2010
Recorded Music & music production,423157,258641,164516,2010
Computer software,1999179,1064150,935029,2010
Defense,14844464,8297447,6547017,2010
Defense Aerospace,6997900,3835400,3162500,2010
Defense Electronics,5284800,3000100,2284700,2010
Misc Defense,2561764,1461947,1099817,2010
Energy & Natural Resources,28740724,12442445,16298279,2010
Oil & Gas,10479769,2769487,7710282,2010
Mining,2718739,874198,1844541,2010
Electric Utilities,13221741,7430495,5791246,2010
Waste Management,473350,200900,272450,2010
Natural Gas transmission & distribution,1669612,690862,978750,2010
Coal mining,1362089,425948,936141,2010
Alternate energy production & services,616870,427370,189500,2010
"Finance, Insurance & Real Estate",64229296,30459130,33770166,2010
Commercial Banks,8804435,3450719,5353716,2010
Savings & Loans,59090,43290,15800,2010
Credit Unions,2838646,1610948,1227698,2010
Finance/Credit Companies,3822445,1726721,2095724,2010
Securities & Investment,9486041,5175001,4311040,2010
Insurance,21552332,10152052,11400280,2010
Real Estate,9174735,4692674,4482061,2010
Accountants,6347757,2736963,3610794,2010
Misc Finance,2143815,870762,1273053,2010
Student loan companies,269400,155900,113500,2010
Payday lenders,1103200,659800,443400,2010
Venture capital,964100,566600,397500,2010
Private Equity & Investment Firms,144200,97700,46500,2010
Hedge Funds,290050,165960,124090,2010
Mortgage bankers and brokers,926580,413880,512700,2010
Food and kindred products manufacturing,1801638,660550,1141088,2010
Meat processing & products,701276,279727,421549,2010
Food stores,1391974,550824,841150,2010
Restaurants & drinking establishments,3550706,863369,2687337,2010
Advertising & public relations services,118900,88400,30500,2010
Funeral services,180590,68244,112346,2010
"Professional sports, arenas & related equip & svcs",891285,568900,322385,2010
Indian Gaming,95990,72500,23490,2010
Correctional facilities constr & mgmt/for-profit,191100,111350,79750,2010
Health,55365222,30664780,24700442,2010
Health Professionals,26149936,14547071,11602865,2010
Hospitals/Nursing Homes,7486409,4435631,3050778,2010
Health Services/HMOs,6158160,3208202,2949958,2010
Pharmaceuticals/Health Products,15328867,8347026,6981841,2010
Dentists,2842105,1302549,1539556,2010
Chiropractors,329816,247200,82616,2010
Nurses,1136261,871561,264700,2010
Medical Devices & Supplies,2673128,1589398,1083730,2010
Pharmaceutical manufacturing,9025160,4780479,4244681,2010
Nutritional & dietary supplements,174530,91800,82730,2010
For-profit Education,573061,327261,245800,2010
Democratic leadership PAC,20109515,20014515,95000,2010
Republican leadership PAC,20504055,136000,20368055,2010
LGBTQIA Rights & Issues,863508,824870,38638,2010
Lawyers & Lobbyists,16365064,11579140,4785924,2010
Lawyers/Law Firms,15102226,10727932,4374294,2010
Lobbyists,1262838,851208,411630,2010
Teachers unions,4574850,4473550,101300,2010
US Postal Service unions & associations,5714653,5168811,545842,2010
Air transport unions,4286650,3530000,756650,2010
Transportation,21052490,10351255,10701235,2010
Air Transport,7374669,3602692,3771977,2010
Automotive,4809165,1968650,2840515,2010
Trucking,1242792,584667,658125,2010
Railroads,5410623,2898934,2511689,2010
Sea Transport,1854742,1142062,712680,2010
Clothing & accessories,63700,33200,30500,2010
Misc Business,38342318,17806124,20536194,2010
Business Associations,1514455,170986,1343469,2010
Food & Beverage,4920844,1518812,3402032,2010
"Beer, Wine & Liquor",6428925,3525180,2903745,2010
Retail Sales,6069633,2633365,3436268,2010
Misc Services,837842,378206,459636,2010
Business Services,1622554,922912,699642,2010
Recreation/Live Entertainment,1012535,593350,419185,2010
Casinos/Gambling,1144663,697089,447574,2010
Lodging/Tourism,1332150,702750,629400,2010
Chemical & Related Manufacturing,3246453,1446843,1799610,2010
Steel Production,903256,559431,343825,2010
Misc Manufacturing & Distributing,8602475,4336950,4265525,2010
Textiles,141400,93400,48000,2010
Labor,64680746,60468674,4212072,2010
Building Trade Unions,15660014,14638714,1021300,2010
Industrial Unions,11600519,11429919,170600,2010
Transportation Unions,12887926,11393276,1494650,2010
Public Sector Unions,17809516,16370244,1439272,2010
Misc Unions,6722771,6636521,86250,2010
Ideological/Single-Issue,62419066,30981620,31437446,2010
Republican/Conservative,3770648,62725,3707923,2010
Democratic/Liberal,2345024,2316624,28400,2010
Leadership PACs,43639224,20318037,23321187,2010
Foreign & Defense Policy,781617,578127,203490,2010
Pro-Israel,3152082,1842456,1309626,2010
Women's Issues,663912,537383,126529,2010
Human Rights,2233606,1922110,311496,2010
Environment,1063999,942851,121148,2010
Gun Control,6600,6600,0,2010
Gun Rights,1702911,433237,1269674,2010
Abortion Policy/Anti-Abortion,449832,18825,431007,2010
Abortion Policy/Pro-Abortion Rights,1090230,991230,99000,2010
Airlines,1467995,807926,660069,2010
Auto manufacturers,857250,448250,409000,2010
"Auto dealers, new & used",2571100,1137700,1433400,2010
"Auto dealers, foreign imports",750000,81500,668500,2010
Cruise ships & lines,251450,196950,54500,2010
Other,1534561,978761,555800,2010
Non-Profit Institutions,586250,393350,192900,2010
Education,654311,382511,271800,2010
Clergy & Religious Organizations,2000,2000,0,2010
Unknown,205888,124421,81467,2010
Agribusiness,24615597,7914787,16700810,2012
Crop Production & Basic Processing,7212184,3094825,4117359,2012
Tobacco,1907759,375605,1532154,2012
Dairy,1967818,570900,1396918,2012
Poultry & Eggs,602000,166500,435500,2012
Livestock,1332141,233718,1098423,2012
Agricultural Services/Products,5427531,1466560,3960971,2012
Food Processing & Sales,4017144,1187979,2829165,2012
Forestry & Forest Products,2077270,785700,1291570,2012
Sugar cane & sugar beets,3940812,2047412,1893400,2012
"Vegetables, fruits and tree nut",996866,338017,658849,2012
Farm bureaus,705438,136076,569362,2012
Communications/Electronics,25688347,11374373,14313974,2012
Printing & Publishing,752398,321698,430700,2012
TV/Movies/Music,3178087,1534022,1644065,2012
Telephone Utilities,6378807,2431840,3946967,2012
Telecom Services,7639885,3638652,4001233,2012
Electronics Mfg & Equip,6024746,2632137,3392609,2012
Internet,1714424,816024,898400,2012
Architectural services,164750,90250,74500,2012
Construction,14741189,4166429,10574760,2012
General Contractors,4325379,930314,3395065,2012
Home Builders,1859550,459750,1399800,2012
Special Trade Contractors,1754892,565550,1189342,2012
Construction Services,3729480,1586615,2142865,2012
Building Materials & Equipment,3071888,624200,2447688,2012
"Book, newspaper & periodical publishing",517198,264198,253000,2012
Commercial TV & radio stations,1670800,805100,865700,2012
Cable & satellite TV production,17750,8750,9000,2012
Motion Picture production & distribution,314298,159422,154876,2012
Recorded Music & music production,284989,135250,149739,2012
Computer software,2131138,909400,1221738,2012
Defense,15926594,6511698,9414896,2012
Defense Aerospace,8718200,3547600,5170600,2012
Defense Electronics,5018898,2083498,2935400,2012
Misc Defense,2189496,880600,1308896,2012
Energy & Natural Resources,34101069,8487772,25613297,2012
Oil & Gas,15113879,2051769,13062110,2012
Mining,3459200,469052,2990148,2012
Electric Utilities,13170623,4931364,8239259,2012
Waste Management,249650,82000,167650,2012
Natural Gas transmission & distribution,2226828,584389,1642439,2012
Coal mining,1966718,216052,1750666,2012
Alternate energy production & services,896878,490860,406018,2012
"Finance, Insurance & Real Estate",71388722,26427035,44961687,2012
Commercial Banks,11388477,3409772,7978705,2012
Savings & Loans,50150,20500,29650,2012
Credit Unions,3009415,1421260,1588155,2012
Finance/Credit Companies,3792501,1182680,2609821,2012
Securities & Investment,11760452,4947769,6812683,2012
Insurance,22415330,8237277,14178053,2012
Real Estate,10230129,4168142,6061987,2012
Accountants,6928581,2560260,4368321,2012
Misc Finance,1813687,479375,1334312,2012
Student loan companies,167525,89175,78350,2012
Payday lenders,1132671,336700,795971,2012
Venture capital,929250,280250,649000,2012
Private Equity & Investment Firms,312000,135500,176500,2012
Hedge Funds,164000,67000,97000,2012
Mortgage bankers and brokers,834157,316750,517407,2012
Food and kindred products manufacturing,1614660,469500,1145160,2012
Meat processing & products,690562,172251,518311,2012
Food stores,1330322,449328,880994,2012
Restaurants & drinking establishments,4581765,702800,3878965,2012
Advertising & public relations services,68500,42500,26000,2012
Funeral services,196100,58000,138100,2012
"Professional sports, arenas & related equip & svcs",997250,487250,510000,2012
Indian Gaming,69740,42240,27500,2012
Correctional facilities constr & mgmt/for-profit,240021,53000,187021,2012
Health,56691501,24256807,32434694,2012
Health Professionals,26376941,11298089,15078852,2012
Hospitals/Nursing Homes,6913022,3053179,3859843,2012
Health Services/HMOs,7466431,2992770,4473661,2012
Pharmaceuticals/Health Products,15777007,6831669,8945338,2012
Dentists,2779149,1066500,1712649,2012
Chiropractors,296475,172375,124100,2012
Nurses,1371350,894850,476500,2012
Medical Devices & Supplies,2973935,1259318,1714617,2012
Pharmaceutical manufacturing,8860839,3922759,4938080,2012
Nutritional & dietary supplements,218212,97243,120969,2012
For-profit Education,992793,338201,654592,2012
Democratic leadership PAC,17354751,17334051,20700,2012
Republican leadership PAC,25023817,10000,25013817,2012
LGBTQIA Rights & Issues,913718,849840,63878,2012
Lawyers & Lobbyists,15484715,8802072,6682643,2012
Lawyers/Law Firms,14430950,8214710,6216240,2012
Lobbyists,1053765,587362,466403,2012
Teachers unions,3947144,3863144,84000,2012
US Postal Service unions & associations,5657577,5210837,446740,2012
Air transport unions,3575420,2395920,1179500,2012
Transportation,22820744,7518284,15302460,2012
Air Transport,7246200,2525047,4721153,2012
Automotive,6155153,1702178,4452975,2012
Trucking,1789650,486250,1303400,2012
Railroads,5352613,1904673,3447940,2012
Sea Transport,1761378,756136,1005242,2012
Clothing & accessories,35000,13000,22000,2012
Misc Business,42584108,14347076,28237032,2012
Business Associations,2024148,288130,1736018,2012
Food & Beverage,6058815,1268800,4790015,2012
"Beer, Wine & Liquor",6772295,2835389,3936906,2012
Retail Sales,6515634,2262499,4253135,2012
Misc Services,989198,308598,680600,2012
Business Services,1973407,834750,1138657,2012
Recreation/Live Entertainment,1218187,587250,630937,2012
Casinos/Gambling,1223472,527517,695955,2012
Lodging/Tourism,1514850,608450,906400,2012
Chemical & Related Manufacturing,3812112,1131180,2680932,2012
Steel Production,732377,201600,530777,2012
Misc Manufacturing & Distributing,8795171,3235205,5559966,2012
Textiles,206908,89708,117200,2012
Labor,60109214,54460344,5648870,2012
Building Trade Unions,15346523,13458993,1887530,2012
Industrial Unions,10985024,10810574,174450,2012
Transportation Unions,11385460,9069610,2315850,2012
Public Sector Unions,16357535,15243395,1114140,2012
Misc Unions,6034672,5877772,156900,2012
Ideological/Single-Issue,66273168,29899855,36373313,2012
Republican/Conservative,5071282,18450,5052832,2012
Democratic/Liberal,3168831,3157791,11040,2012
Leadership PACs,44406426,17731513,26674913,2012
Foreign & Defense Policy,704329,461979,242350,2012
Pro-Israel,2948189,1741102,1207087,2012
Women's Issues,1141826,894810,247016,2012
Human Rights,2356438,1967783,388655,2012
Environment,1216978,1088922,128056,2012
Gun Control,4018,4018,0,2012
Gun Rights,1543497,164968,1378529,2012
Abortion Policy/Anti-Abortion,430923,5500,425423,2012
Abortion Policy/Pro-Abortion Rights,1616348,1552261,64087,2012
Airlines,1556107,574467,981640,2012
Auto manufacturers,1070920,464420,606500,2012
"Auto dealers, new & used",3151000,870500,2280500,2012
"Auto dealers, foreign imports",1115000,71000,1044000,2012
Cruise ships & lines,188500,91000,97500,2012
Other,2050252,950315,1099937,2012
Non-Profit Institutions,755345,399250,356095,2012
Education,1043507,370915,672592,2012
Unknown,95533,37664,57869,2012
Agribusiness,25763918,7829891,17934027,2014
Crop Production & Basic Processing,8051858,3359473,4692385,2014
Tobacco,1852866,297595,1555271,2014
Dairy,1635808,545999,1089809,2014
Poultry & Eggs,734200,208100,526100,2014
Livestock,1646336,270186,1376150,2014
Agricultural Services/Products,5557113,1341797,4215316,2014
Food Processing & Sales,3834438,1027842,2806596,2014
Forestry & Forest Products,2347299,743699,1603600,2014
Sugar cane & sugar beets,4482716,2340149,2142567,2014
"Vegetables, fruits and tree nut",809690,251750,557940,2014
Farm bureaus,620335,92749,527586,2014
Communications/Electronics,27142631,12525722,14616909,2014
Printing & Publishing,367950,119500,248450,2014
TV/Movies/Music,3507893,1749056,1758837,2014
Telephone Utilities,6363150,2695400,3667750,2014
Telecom Services,8572221,4165550,4406671,2014
Electronics Mfg & Equip,6197271,2779270,3418001,2014
Internet,2134146,1016946,1117200,2014
Architectural services,173100,84100,89000,2014
Construction,15324270,4309561,11014709,2014
General Contractors,3978114,821830,3156284,2014
Home Builders,1939320,460555,1478765,2014
Special Trade Contractors,1704410,599160,1105250,2014
Construction Services,3968483,1605449,2363034,2014
Building Materials & Equipment,3733943,822567,2911376,2014
"Book, newspaper & periodical publishing",170950,74000,96950,2014
Commercial TV & radio stations,1780838,844201,936637,2014
Cable & satellite TV production,320200,155000,165200,2014
Motion Picture production & distribution,296355,177355,119000,2014
Recorded Music & music production,249750,121250,128500,2014
Computer software,2023145,860975,1162170,2014
Defense,18129979,7159973,10970006,2014
Defense Aerospace,10412699,4241749,6170950,2014
Defense Electronics,4203430,1580480,2622950,2014
Misc Defense,3513850,1337744,2176106,2014
Energy & Natural Resources,36002668,8963111,27039557,2014
Oil & Gas,16157979,2269122,13888857,2014
Mining,2969592,327000,2642592,2014
Electric Utilities,14515155,5260577,9254578,2014
Waste Management,87477,38500,48977,2014
Natural Gas transmission & distribution,2732410,622986,2109424,2014
Coal mining,1739192,102500,1636692,2014
Alternate energy production & services,1135635,660114,475521,2014
"Finance, Insurance & Real Estate",78706517,30414909,48291608,2014
Commercial Banks,12779331,3932504,8846827,2014
Savings & Loans,52369,25000,27369,2014
Credit Unions,3017300,1472450,1544850,2014
Finance/Credit Companies,3553520,1112970,2440550,2014
Securities & Investment,12891348,5649728,7241620,2014
Insurance,25647744,9969967,15677777,2014
Real Estate,11089404,4687991,6401413,2014
Accountants,7751789,2921337,4830452,2014
Misc Finance,1923712,642962,1280750,2014
Student loan companies,188750,80850,107900,2014
Payday lenders,908900,227250,681650,2014
Venture capital,399600,186600,213000,2014
Private Equity & Investment Firms,275122,117100,158022,2014
Hedge Funds,189500,86000,103500,2014
Mortgage bankers and brokers,1324070,548250,775820,2014
Food and kindred products manufacturing,1621425,410485,1210940,2014
Meat processing & products,669374,147399,521975,2014
Food stores,1151143,360958,790185,2014
Marijuana,26000,25500,500,2014
Restaurants & drinking establishments,4001631,861000,3140631,2014
Advertising & public relations services,43500,17500,26000,2014
Funeral services,128600,36000,92600,2014
"Professional sports, arenas & related equip & svcs",781985,374150,407835,2014
Indian Gaming,63536,30836,32700,2014
Correctional facilities constr & mgmt/for-profit,229350,65500,163850,2014
Health,54795734,22841417,31954317,2014
Health Professionals,26026861,10597508,15429353,2014
Hospitals/Nursing Homes,5973874,2706332,3267542,2014
Health Services/HMOs,6573083,2478035,4095048,2014
Pharmaceuticals/Health Products,16143016,7018592,9124424,2014
Dentists,2397000,817500,1579500,2014
Chiropractors,187100,93750,93350,2014
Nurses,1569000,878350,690650,2014
Medical Devices & Supplies,3139745,1297225,1842520,2014
Pharmaceutical manufacturing,8761154,3804447,4956707,2014
Nutritional & dietary supplements,276464,144100,132364,2014
For-profit Education,927093,280993,646100,2014
Democratic leadership PAC,20262096,20259596,2500,2014
Republican leadership PAC,28256636,4000,28252636,2014
LGBTQIA Rights & Issues,981582,919854,61728,2014
Lawyers & Lobbyists,14922087,8194783,6727304,2014
Lawyers/Law Firms,14004022,7714041,6289981,2014
Lobbyists,918065,480742,437323,2014
Teachers unions,3802300,3652800,149500,2014
US Postal Service unions & associations,3941850,3664850,277000,2014
Air transport unions,4354950,2784450,1570500,2014
Transportation,25828330,8713427,17114903,2014
Air Transport,7663841,2704848,4958993,2014
Automotive,7277856,2114520,5163336,2014
Trucking,1873208,480399,1392809,2014
Railroads,6412842,2375667,4037175,2014
Sea Transport,1909606,835966,1073640,2014
Clothing & accessories,138000,57000,81000,2014
Misc Business,42781735,14856939,27924796,2014
Business Associations,1991825,249841,1741984,2014
Food & Beverage,5507047,1478934,4028113,2014
"Beer, Wine & Liquor",6105598,2737144,3368454,2014
Retail Sales,7712051,2619144,5092907,2014
Misc Services,766100,237250,528850,2014
Business Services,1867896,691368,1176528,2014
Recreation/Live Entertainment,1001735,438650,563085,2014
Casinos/Gambling,775158,338936,436222,2014
Lodging/Tourism,1982614,868770,1113844,2014
Marijuana,26000,25500,500,2014
Chemical & Related Manufacturing,4092145,1216670,2875475,2014
Steel Production,776817,262650,514167,2014
Misc Manufacturing & Distributing,9100235,3408268,5691967,2014
Textiles,303600,113000,190600,2014
Labor,53655711,47723329,5932382,2014
Building Trade Unions,13897795,12059295,1838500,2014
Industrial Unions,8940033,8682693,257340,2014
Transportation Unions,11837261,9140711,2696550,2014
Public Sector Unions,13868823,12862031,1006792,2014
Misc Unions,5111799,4978599,133200,2014
Ideological/Single-Issue,70136291,30449720,39686571,2014
Republican/Conservative,4881313,34600,4846713,2014
Democratic/Liberal,1482160,1476659,5501,2014
Leadership PACs,50422204,20630139,29792065,2014
Foreign & Defense Policy,630165,429515,200650,2014
Pro-Israel,2931302,1583026,1348276,2014
Women's Issues,1174559,844151,330408,2014
Human Rights,2400313,2011766,388547,2014
Environment,1687325,1469472,217853,2014
Gun Control,5500,5500,0,2014
Gun Rights,1723158,75398,1647760,2014
Abortion Policy/Anti-Abortion,386120,10934,375186,2014
Abortion Policy/Pro-Abortion Rights,1089642,1050319,39323,2014
Airlines,1814675,742925,1071750,2014
Auto manufacturers,1820906,751270,1069636,2014
"Auto dealers, new & used",2937000,807050,2129950,2014
"Auto dealers, foreign imports",1374000,145500,1228500,2014
Cruise ships & lines,146750,85750,61000,2014
Other,1884236,799066,1085170,2014
Non-Profit Institutions,775836,394416,381420,2014
Education,976400,314450,661950,2014
Clergy & Religious Organizations,29700,29700,0,2014
Unknown,33723,7750,25973,2014
Agribusiness,26664607,6956314,19708293,2016
Crop Production & Basic Processing,8165112,2868599,5296513,2016
Tobacco,1740150,248675,1491475,2016
Dairy,1433989,406450,1027539,2016
Poultry & Eggs,778050,156250,621800,2016
Livestock,1865775,263700,1602075,2016
Agricultural Services/Products,6436253,1467784,4968469,2016
Food Processing & Sales,3673782,866206,2807576,2016
Forestry & Forest Products,2479746,636850,1842896,2016
Sugar cane & sugar beets,4460246,2029900,2430346,2016
"Vegetables, fruits and tree nut",892169,278651,613518,2016
Farm bureaus,633394,82357,551037,2016
Communications/Electronics,29066255,12184775,16881480,2016
Printing & Publishing,527415,193455,333960,2016
TV/Movies/Music,4108688,1958800,2149888,2016
Telephone Utilities,5875580,2247450,3628130,2016
Telecom Services,8705920,3498880,5207040,2016
Electronics Mfg & Equip,6463577,2742706,3720871,2016
Internet,3385075,1543484,1841591,2016
Architectural services,181783,93948,87835,2016
Construction,16107035,3644300,12462735,2016
General Contractors,3617850,603250,3014600,2016
Home Builders,2507175,426250,2080925,2016
Special Trade Contractors,1948769,506890,1441879,2016
Construction Services,3739597,1270678,2468919,2016
Building Materials & Equipment,4293644,837232,3456412,2016
"Book, newspaper & periodical publishing",332415,151955,180460,2016
Commercial TV & radio stations,2102697,974700,1127997,2016
Cable & satellite TV production,366100,162600,203500,2016
Motion Picture production & distribution,351508,188500,163008,2016
Recorded Music & music production,319083,153750,165333,2016
Computer software,1856727,737875,1118852,2016
Defense,17364706,6185404,11179302,2016
Defense Aerospace,9462418,3600250,5862168,2016
Defense Electronics,3994500,1286100,2708400,2016
Misc Defense,3907788,1299054,2608734,2016
Energy & Natural Resources,33253855,7066256,26187599,2016
Oil & Gas,15139055,1677535,13461520,2016
Mining,1691551,188500,1503051,2016
Electric Utilities,13999908,4242821,9757087,2016
Waste Management,81671,30400,51271,2016
Natural Gas transmission & distribution,2516735,496900,2019835,2016
Coal mining,761701,40500,721201,2016
Alternate energy production & services,1338820,605400,733420,2016
"Finance, Insurance & Real Estate",87472680,30968930,56503750,2016
Commercial Banks,12951566,3493513,9458053,2016
Savings & Loans,74950,20500,54450,2016
Credit Unions,2860950,1321700,1539250,2016
Finance/Credit Companies,4413132,1486980,2926152,2016
Securities & Investment,13944973,5545514,8399459,2016
Insurance,29229132,10586679,18642453,2016
Real Estate,12201348,4466315,7735033,2016
Accountants,9156339,3289389,5866950,2016
Misc Finance,2640290,758340,1881950,2016
Student loan companies,298950,116350,182600,2016
Payday lenders,797623,244450,553173,2016
Venture capital,323700,140500,183200,2016
Private Equity & Investment Firms,498778,214800,283978,2016
Hedge Funds,137450,57250,80200,2016
Mortgage bankers and brokers,1710750,601250,1109500,2016
Food and kindred products manufacturing,1543970,324381,1219589,2016
Meat processing & products,505108,108900,396208,2016
Food stores,1146791,286225,860566,2016
Marijuana,57750,41900,15850,2016
Restaurants & drinking establishments,3536398,481109,3055289,2016
Advertising & public relations services,49200,23200,26000,2016
Funeral services,145000,53000,92000,2016
"Professional sports, arenas & related equip & svcs",1076265,425400,650865,2016
Indian Gaming,88700,49700,39000,2016
Correctional facilities constr & mgmt/for-profit,475945,73440,402505,2016
Health,55492367,21949200,33543167,2016
Health Professionals,23805723,9407046,14398677,2016
Hospitals/Nursing Homes,6150689,2748853,3401836,2016
Health Services/HMOs,6915188,2709904,4205284,2016
Pharmaceuticals/Health Products,18404767,7018897,11385870,2016
Dentists,2512678,835900,1676778,2016
Chiropractors,171700,64000,107700,2016
Nurses,1079861,611761,468100,2016
Medical Devices & Supplies,2957941,1005948,1951993,2016
Pharmaceutical manufacturing,10156975,3927352,6229623,2016
Nutritional & dietary supplements,251693,106200,145493,2016
For-profit Education,742040,155775,586265,2016
Democratic leadership PAC,18626515,18593015,33500,2016
Republican leadership PAC,29146557,9450,29137107,2016
LGBTQIA Rights & Issues,753995,717310,36685,2016
Lawyers & Lobbyists,13913228,6764969,7148259,2016
Lawyers/Law Firms,13284428,6473430,6810998,2016
Lobbyists,628800,291539,337261,2016
Teachers unions,3505385,3325385,180000,2016
US Postal Service unions & associations,3217063,2846813,370250,2016
Air transport unions,4765839,2725700,2040139,2016
Transportation,27228659,8464724,18763935,2016
Air Transport,7793380,2384006,5409374,2016
Automotive,8125657,2391960,5733697,2016
Trucking,2011822,446872,1564950,2016
Railroads,6440123,2342627,4097496,2016
Sea Transport,1953244,675929,1277315,2016
Clothing & accessories,141125,51000,90125,2016
Misc Business,45230987,14250267,30980720,2016
Business Associations,1878728,198450,1680278,2016
Food & Beverage,5279773,1082918,4196855,2016
"Beer, Wine & Liquor",6388535,2762956,3625579,2016
Retail Sales,7925681,2491550,5434131,2016
Misc Services,1030200,230000,800200,2016
Business Services,1880479,571529,1308950,2016
Recreation/Live Entertainment,1260765,477900,782865,2016
Casinos/Gambling,1249500,487600,761900,2016
Lodging/Tourism,2675765,1103865,1571900,2016
Marijuana,57750,41900,15850,2016
Chemical & Related Manufacturing,4275667,1154578,3121089,2016
Steel Production,895243,266900,628343,2016
Misc Manufacturing & Distributing,9069849,3119300,5950549,2016
Textiles,322607,87381,235226,2016
Labor,50511790,43275111,7236679,2016
Building Trade Unions,12523602,10469752,2053850,2016
Industrial Unions,9171047,8709847,461200,2016
Transportation Unions,11217248,7971009,3246239,2016
Public Sector Unions,12861279,11485689,1375590,2016
Misc Unions,4738614,4638814,99800,2016
Ideological/Single-Issue,70600369,29929229,40671140,2016
Republican/Conservative,4251787,24458,4227329,2016
Democratic/Liberal,1868291,1856490,11801,2016
Leadership PACs,49310623,18942738,30367885,2016
Foreign & Defense Policy,1124060,468905,655155,2016
Pro-Israel,2853731,1289454,1564277,2016
Women's Issues,1336459,979384,357075,2016
Human Rights,2817790,2357324,460466,2016
Environment,1423986,1332969,91017,2016
Gun Control,86405,86405,0,2016
Gun Rights,2136210,61000,2075210,2016
Abortion Policy/Anti-Abortion,351944,5500,346444,2016
Abortion Policy/Pro-Abortion Rights,1119698,1104198,15500,2016
Airlines,1964299,704402,1259897,2016
Auto manufacturers,2631072,1085325,1545747,2016
"Auto dealers, new & used",2895935,760985,2134950,2016
"Auto dealers, foreign imports",1401250,144000,1257250,2016
Cruise ships & lines,176800,68700,108100,2016
Other,1576383,526697,1049686,2016
Non-Profit Institutions,621523,240622,380901,2016
Education,806610,204025,602585,2016
Clergy & Religious Organizations,30200,27000,3200,2016
Unknown,50699,20200,30499,2016
Agribusiness,27917690,8909912,19007778,2018
Crop Production & Basic Processing,9969077,3928909,6040168,2018
Tobacco,1692699,333984,1358715,2018
Dairy,1374026,490275,883751,2018
Poultry & Eggs,762850,214300,548550,2018
Livestock,1439714,244226,1195488,2018
Agricultural Services/Products,6417446,1820726,4596720,2018
Food Processing & Sales,3402902,997342,2405560,2018
Forestry & Forest Products,2614900,780050,1834850,2018
Sugar cane & sugar beets,5595617,2685250,2910367,2018
"Vegetables, fruits and tree nut",1033556,357556,676000,2018
Farm bureaus,734442,107605,626837,2018
Communications/Electronics,28375468,12825299,15550169,2018
Printing & Publishing,437669,206000,231669,2018
TV/Movies/Music,3663313,1809354,1853959,2018
Telephone Utilities,5660582,2253000,3407582,2018
Telecom Services,8645800,3782400,4863400,2018
Electronics Mfg & Equip,6420828,3078219,3342609,2018
Internet,3547276,1696326,1850950,2018
Architectural services,154500,74000,80500,2018
Construction,16451917,4484748,11967169,2018
General Contractors,2976069,427419,2548650,2018
Home Builders,2473850,457500,2016350,2018
Special Trade Contractors,2033300,689800,1343500,2018
Construction Services,4700622,1921428,2779194,2018
Building Materials & Equipment,4268076,988601,3279475,2018
"Book, newspaper & periodical publishing",298169,148000,150169,2018
Commercial TV & radio stations,1999281,915701,1083580,2018
Cable & satellite TV production,337875,167775,170100,2018
Motion Picture production & distribution,265500,144500,121000,2018
Recorded Music & music production,368778,197978,170800,2018
Computer software,1494757,716148,778609,2018
Defense,18047318,7228090,10819228,2018
Defense Aerospace,9585339,3921740,5663599,2018
Defense Electronics,4461748,1743500,2718248,2018
Misc Defense,4000231,1562850,2437381,2018
Energy & Natural Resources,31435897,7849434,23586463,2018
Oil & Gas,13509273,1855900,11653373,2018
Mining,1752701,209000,1543701,2018
Electric Utilities,13501469,4738764,8762705,2018
Waste Management,191416,66000,125416,2018
Natural Gas transmission & distribution,2126550,481750,1644800,2018
Coal mining,859550,56500,803050,2018
Alternate energy production & services,1434273,634052,800221,2018
"Finance, Insurance & Real Estate",88922855,35269557,53653298,2018
Commercial Banks,13788665,4213679,9574986,2018
Savings & Loans,96050,33900,62150,2018
Credit Unions,3132500,1476600,1655900,2018
Finance/Credit Companies,4605331,1769531,2835800,2018
Securities & Investment,14834675,6307217,8527458,2018
Insurance,28404926,11260605,17144321,2018
Real Estate,12064160,5251987,6812173,2018
Accountants,9197748,4003638,5194110,2018
Misc Finance,2798800,952400,1846400,2018
Student loan companies,383750,165750,218000,2018
Payday lenders,707850,187200,520650,2018
Venture capital,505700,223700,282000,2018
Private Equity & Investment Firms,678674,291424,387250,2018
Hedge Funds,176500,63000,113500,2018
Mortgage bankers and brokers,2017160,812900,1204260,2018
Food and kindred products manufacturing,1257515,359509,898006,2018
Meat processing & products,460381,90386,369995,2018
Food stores,1046423,344247,702176,2018
Marijuana,101500,67500,34000,2018
Restaurants & drinking establishments,2952150,507000,2445150,2018
Advertising & public relations services,29500,4000,25500,2018
Funeral services,140050,47100,92950,2018
"Professional sports, arenas & related equip & svcs",851537,451200,400337,2018
Indian Gaming,114000,61100,52900,2018
Correctional facilities constr & mgmt/for-profit,518650,80500,438150,2018
Health,54467375,24037054,30430321,2018
Health Professionals,24769426,10949985,13819441,2018
Hospitals/Nursing Homes,5155210,2615261,2539949,2018
Health Services/HMOs,7116768,3017841,4098927,2018
Pharmaceuticals/Health Products,17142672,7348867,9793805,2018
Dentists,2702250,963500,1738750,2018
Chiropractors,196600,82600,114000,2018
Nurses,1527110,867000,660110,2018
Medical Devices & Supplies,2491921,901202,1590719,2018
Pharmaceutical manufacturing,8768175,3861129,4907046,2018
Nutritional & dietary supplements,322476,153686,168790,2018
For-profit Education,403100,66600,336500,2018
Democratic leadership PAC,26853382,26834682,18700,2018
Republican leadership PAC,37122136,26500,37095636,2018
LGBTQIA Rights & Issues,1404795,1399295,5500,2018
Lawyers & Lobbyists,13740233,7446902,6293331,2018
Lawyers/Law Firms,13152485,7170790,5981695,2018
Lobbyists,587748,276112,311636,2018
Teachers unions,3932319,3826319,106000,2018
US Postal Service unions & associations,3859500,3057000,802500,2018
Air transport unions,6122250,3482750,2639500,2018
Transportation,27651271,9340684,18310587,2018
Air Transport,9328378,3295265,6033113,2018
Automotive,8749860,2675049,6074811,2018
Trucking,1740650,469450,1271200,2018
Railroads,5349237,2078624,3270613,2018
Sea Transport,1644086,577486,1066600,2018
Clothing & accessories,70900,27000,43900,2018
Misc Business,42305931,15605646,26700285,2018
Business Associations,2241792,450121,1791671,2018
Food & Beverage,4855376,1174879,3680497,2018
"Beer, Wine & Liquor",6082302,2917724,3164578,2018
Retail Sales,7608881,2801250,4807631,2018
Misc Services,914800,238850,675950,2018
Business Services,994925,367400,627525,2018
Recreation/Live Entertainment,1013487,493200,520287,2018
Casinos/Gambling,1178700,572850,605850,2018
Lodging/Tourism,2715650,1235900,1479750,2018
Marijuana,101500,67500,34000,2018
Chemical & Related Manufacturing,3913937,1271725,2642212,2018
Steel Production,773950,227350,546600,2018
Misc Manufacturing & Distributing,8619781,3526697,5093084,2018
Textiles,185000,56500,128500,2018
Labor,58352094,49641109,8710985,2018
Building Trade Unions,14426648,12356923,2069725,2018
Industrial Unions,9716762,9243762,473000,2018
Transportation Unions,13663199,9719034,3944165,2018
Public Sector Unions,15411212,13374817,2036395,2018
Misc Unions,5134273,4946573,187700,2018
Ideological/Single-Issue,94297344,46012714,48284630,2018
Republican/Conservative,4030794,18846,4011948,2018
Democratic/Liberal,4845064,4840754,4310,2018
Leadership PACs,66588932,28137182,38451750,2018
Foreign & Defense Policy,887391,605941,281450,2018
Pro-Israel,2819955,1521655,1298300,2018
Women's Issues,2397920,1657989,739931,2018
Human Rights,3961427,3571781,389646,2018
Environment,1515858,1469708,46150,2018
Gun Control,468992,450492,18500,2018
Gun Rights,1748940,73850,1675090,2018
Abortion Policy/Anti-Abortion,462008,10700,451308,2018
Abortion Policy/Pro-Abortion Rights,1063772,1063772,0,2018
Airlines,2869081,1222434,1646647,2018
Auto manufacturers,3263131,1413274,1849857,2018
"Auto dealers, new & used",2874985,641385,2233600,2018
"Auto dealers, foreign imports",1209300,107000,1102300,2018
Cruise ships & lines,138100,27000,111100,2018
Other,1382286,534391,847895,2018
Non-Profit Institutions,842800,365700,477100,2018
Education,466316,111316,355000,2018
Clergy & Religious Organizations,24750,24750,0,2018
Unknown,29810,13850,15960,2018
Agribusiness,27364074,9953816,17410258,2020
Crop Production & Basic Processing,9794639,4296598,5498041,2020
Tobacco,1541814,375264,1166550,2020
Dairy,1116500,511250,605250,2020
Poultry & Eggs,839250,240250,599000,2020
Livestock,1609900,351050,1258850,2020
Agricultural Services/Products,6592832,2113324,4479508,2020
Food Processing & Sales,3457088,1165080,2292008,2020
Forestry & Forest Products,2031651,695700,1335951,2020
Sugar cane & sugar beets,6090400,3084100,3006300,2020
"Vegetables, fruits and tree nut",637797,293898,343899,2020
Farm bureaus,958682,219674,739008,2020
Communications/Electronics,27599461,13589481,14009980,2020
Printing & Publishing,443250,182700,260550,2020
TV/Movies/Music,3422530,1862960,1559570,2020
Telephone Utilities,5224699,2427699,2797000,2020
Telecom Services,8595700,4121900,4473800,2020
Electronics Mfg & Equip,6403025,3237065,3165960,2020
Internet,3510257,1757157,1753100,2020
Architectural services,253250,125500,127750,2020
Construction,16265154,5574912,10690242,2020
General Contractors,2674844,518270,2156574,2020
Home Builders,2355500,645500,1710000,2020
Special Trade Contractors,2481243,1029743,1451500,2020
Construction Services,4264817,2037899,2226918,2020
Building Materials & Equipment,4488750,1343500,3145250,2020
"Book, newspaper & periodical publishing",319000,151200,167800,2020
Commercial TV & radio stations,2405870,1254750,1151120,2020
Cable & satellite TV production,13000,7000,6000,2020
Motion Picture production & distribution,166500,107500,59000,2020
Recorded Music & music production,443400,248050,195350,2020
Computer software,1417675,683565,734110,2020
Defense,14410000,6592300,7817700,2020
Defense Aerospace,4733050,2149100,2583950,2020
Defense Electronics,4365700,2078000,2287700,2020
Misc Defense,5311250,2365200,2946050,2020
Energy & Natural Resources,29224684,8805255,20419429,2020
Oil & Gas,12867530,2300999,10566531,2020
Mining,1429399,198000,1231399,2020
Electric Utilities,12455256,5080806,7374450,2020
Waste Management,169850,57500,112350,2020
Natural Gas transmission & distribution,2162350,617300,1545050,2020
Coal mining,661249,11500,649749,2020
Alternate energy production & services,1379899,777250,602649,2020
"Finance, Insurance & Real Estate",85766177,38696922,47069255,2020
Commercial Banks,13050060,4761910,8288150,2020
Savings & Loans,101600,38300,63300,2020
Credit Unions,3343851,1779901,1563950,2020
Finance/Credit Companies,4215300,1824350,2390950,2020
Securities & Investment,13983699,6697700,7285999,2020
Insurance,28148637,12882180,15266457,2020
Real Estate,12065030,5928431,6136599,2020
Accountants,8086100,3756600,4329500,2020
Misc Finance,2771900,1027550,1744350,2020
Student loan companies,255200,125500,129700,2020
Payday lenders,774550,240700,533850,2020
Venture capital,622900,288800,334100,2020
Private Equity & Investment Firms,496000,225000,271000,2020
Hedge Funds,81500,32000,49500,2020
Mortgage bankers and brokers,2347900,1122800,1225100,2020
Food and kindred products manufacturing,1282476,437800,844676,2020
Meat processing & products,518500,152500,366000,2020
Food stores,1149648,374550,775098,2020
Marijuana,61100,48400,12700,2020
Restaurants & drinking establishments,2200500,510000,1690500,2020
Advertising & public relations services,16000,11000,5000,2020
Funeral services,97200,47700,49500,2020
"Professional sports, arenas & related equip & svcs",658800,343500,315300,2020
Indian Gaming,61000,35500,25500,2020
Correctional facilities constr & mgmt/for-profit,490700,101700,389000,2020
Health,49157716,24115203,25042513,2020
Health Professionals,21624337,10784919,10839418,2020
Hospitals/Nursing Homes,4307919,2400969,1906950,2020
Health Services/HMOs,7307510,3488811,3818699,2020
Pharmaceuticals/Health Products,15579450,7315004,8264446,2020
Dentists,2235059,880070,1354989,2020
Chiropractors,190300,120500,69800,2020
Nurses,1216250,630750,585500,2020
Medical Devices & Supplies,2677323,1264430,1412893,2020
Pharmaceutical manufacturing,7808168,3557427,4250741,2020
Nutritional & dietary supplements,289874,130397,159477,2020
For-profit Education,197100,95000,102100,2020
Democratic leadership PAC,29897517,29847517,50000,2020
Republican leadership PAC,29936965,6100,29930865,2020
LGBTQIA Rights & Issues,1472629,1456779,15850,2020
Lawyers & Lobbyists,12509757,7379336,5130421,2020
Lawyers/Law Firms,11924064,7102737,4821327,2020
Lobbyists,585693,276599,309094,2020
Teachers unions,4280192,4234192,46000,2020
US Postal Service unions & associations,4252950,3386700,866250,2020
Air transport unions,5519300,3435800,2083500,2020
Transportation,27615791,11249506,16366285,2020
Air Transport,10609276,4759782,5849494,2020
Automotive,8682925,3222605,5460320,2020
Trucking,1855758,566500,1289258,2020
Railroads,4068236,1719673,2348563,2020
Sea Transport,1526087,634137,891950,2020
Clothing & accessories,23300,6500,16800,2020
Misc Business,37099170,15781501,21317669,2020
Business Associations,2167395,523870,1643525,2020
Food & Beverage,3640249,1027699,2612550,2020
"Beer, Wine & Liquor",5575962,2881707,2694255,2020
Retail Sales,7547982,3371152,4176830,2020
Misc Services,750950,286200,464750,2020
Business Services,684808,217050,467758,2020
Recreation/Live Entertainment,806300,404000,402300,2020
Casinos/Gambling,719500,373500,346000,2020
Lodging/Tourism,2578000,1296100,1281900,2020
Marijuana,61100,48400,12700,2020
Chemical & Related Manufacturing,3010700,1181800,1828900,2020
Steel Production,823941,270800,553141,2020
Misc Manufacturing & Distributing,7633133,3649723,3983410,2020
Textiles,136300,56000,80300,2020
Labor,56967887,49832237,7135650,2020
Building Trade Unions,13747791,11881191,1866600,2020
Industrial Unions,9120798,8831798,289000,2020
Transportation Unions,13035679,9992129,3043550,2020
Public Sector Unions,15696392,13882692,1813700,2020
Misc Unions,5367227,5244427,122800,2020
Ideological/Single-Issue,102616483,55723968,46892515,2020
Republican/Conservative,5399010,25350,5373660,2020
Democratic/Liberal,7199074,7174274,24800,2020
Leadership PACs,66478736,31115224,35363512,2020
Foreign & Defense Policy,712479,576629,135850,2020
Pro-Israel,3288516,1902211,1386305,2020
Women's Issues,2878592,2031546,847046,2020
Human Rights,5553766,5026488,527278,2020
Environment,2180014,2126354,53660,2020
Gun Control,1431154,1411424,19730,2020
Gun Rights,1796920,33640,1763280,2020
Abortion Policy/Anti-Abortion,659086,5000,654086,2020
Abortion Policy/Pro-Abortion Rights,1407585,1407585,0,2020
Airlines,2564200,1215600,1348600,2020
Auto manufacturers,3404386,1706500,1697886,2020
"Auto dealers, new & used",2616550,712715,1903835,2020
"Auto dealers, foreign imports",1063999,117000,946999,2020
Cruise ships & lines,97700,53100,44600,2020
Other,1324233,726333,597900,2020
Non-Profit Institutions,946150,500600,445550,2020
Education,261250,131900,129350,2020
Clergy & Religious Organizations,76733,62733,14000,2020
Unknown,32358,12878,19480,2020
